42
4 
4
14 10 10 10 
45 53 50 55  
Mahad-Atif 22L-4951 0 0 0 0 10 11 14 19
Hibah-Naeem 22L-7803 6 3 10 10 36 34 27 53
Razan-Usman 23L-0516 8 0 0 3 0 22 0 0
Muhammad-Rahim 23L-0518 14 3 0 10 43 22 35 49
Fatima-Kashif 23L-0534 14 0 0 8 30 20 15 48
Manal-Asif 23L-0538 6 8 10 0 0 36 0 52
Haleemah 23L-0554 0 5 10 10 0 21 0 52
Saad-Waqar 23L-0561 14 5 10 10 43 49 50 53
Ibrahim 23L-0573 10 5 5 10 45 50 43 25
Zain-Ul 23L-0578 14 5 10 10 43 51 48 55
Ashar-Ali 23L-0615 10 8 0 10 45 52 50 55
MKhizar 23L-0627 10 10 10 10 45 53 37 52
OmerFarooq 23L-0641 10 3 0 5 32 28 15 51
ZainabSaad 23L-0646 2 0 0 8 39 19 0 43
ArmaghanAtiq 23L-0655 14 10 0 10 43 48 50 48
MuzammilAleem 23L-0673 14 10 10 10 43 53 48 55
SaadUllah 23L-0695 14 5 10 0 41 22 34 55
AneezaKiran 23L-0707 14 5 10 10 45 52 48 55
AbdullahChouhan 23L-0713 2 5 0 10 45 36 38 45
ZaraHassan 23L-0716 14 10 0 10 16 53 34 47
Muhammadshaban 23L-0768 6 5 0 8 45 47 33 55
AbdulMaheman 23L-0775 14 8 10 10 45 53 48 55
MuhammadHaris 23L-0807 14 3 10 10 43 51 48 55
BilalRazzaq 23L-0812 14 3 10 10 43 53 23 55
ShaheryarAmir 23L-0828 10 3 0 8 27 18 9 25
AbdulAhad 23L-0831 10 3 0 8 43 32 32 53
ObaidUllah 23L-0832 6 10 10 10 41 36 25 49
SobanShahzad 23L-0847 14 3 10 8 45 53 33 45
MuhammadQudama 23L-0852 8 10 10 10 43 53 48 53
ZainaAzmat 23L-0867 10 0 10 8 39 11 18 29
EsarFatima 23L-0888 2 0 0 3 15 30 15 53
AbdullahKamal 23L-0898 2 0 0 0 0 0 0 44
FaiqSaeed 23L-0905 4 0 0 5 0 0 0 47
ZayanAhmed 23L-0951 6 8 0 8 38 14 29 45
MihammadAli 23L-0953 10 8 0 10 43 41 26 48
MuhammadRohan 23L-0963 10 10 10 10 43 48 50 44
HafizSachal 23L-0973 6 3 10 0 41 46 0 37
AbdulMoeez 23L-0989 10 10 10 10 45 37 34 55
AbdullahIjaz 23L-1000 14 10 10 10 43 53 48 53
FarahMunawar 23L-1010 14 10 10 10 45 53 50 50
FaheemSarwar 23L-3010 14 10 10 10 43 51 38 55
MuhammadUmer 23L-3038 10 0 0 0 41 31 0 54
